260.00000000
-1760.00000000
46.00000000
527.00000000
3315.00000000
-556.00000000
732.00000000
-1217.00000000
571.00000000
-521.00000000
237.00000000
254.00000000
-105.00000000
-242.00000000
-286.00000000
498.00000000
-1503.00000000
1805.00000000
6.00000000
3686.00000000
1283.00000000
-159.00000000
677.00000000
245.00000000
1769.00000000
801.00000000
1689.00000000
-1920.00000000
1134.00000000
2292.00000000
586.00000000
-748.00000000
-293.00000000
306.00000000
1960.00000000
-705.00000000
-1167.00000000
468.00000000
-360.00000000
-1990.00000000
-1316.00000000
-1649.00000000
3323.00000000
2322.00000000
31.00000000
434.00000000
1095.00000000
-158.00000000
1495.00000000
741.00000000
180.00000000
2875.00000000
-642.00000000
-962.00000000
640.00000000
1059.00000000
-191.00000000
201.00000000
264.00000000
-1999.00000000
312.00000000
-112.00000000
651.00000000
-563.00000000
-1363.00000000
-2129.00000000
125.00000000
-750.00000000
1638.00000000
122.00000000
2389.00000000
135.00000000
-323.00000000
-1047.00000000
1285.00000000
557.00000000
490.00000000
576.00000000
662.00000000
3451.00000000
-563.00000000
-120.00000000
-1199.00000000
369.00000000
-595.00000000
489.00000000
-1091.00000000
1144.00000000
896.00000000
-279.00000000
374.00000000
1618.00000000
1733.00000000
1223.00000000
-1301.00000000
-431.00000000
