-834.00000000
-854.00000000
-837.00000000
-33.00000000
1543.00000000
296.00000000
948.00000000
-79.00000000
-618.00000000
1393.00000000
-307.00000000
243.00000000
167.00000000
44.00000000
1413.00000000
-876.00000000
31.00000000
618.00000000
473.00000000
-570.00000000
-871.00000000
610.00000000
149.00000000
202.00000000
1164.00000000
91.00000000
-86.00000000
-841.00000000
356.00000000
-72.00000000
-930.00000000
-8.00000000
-1035.00000000
-486.00000000
969.00000000
-533.00000000
-362.00000000
1447.00000000
-238.00000000
369.00000000
2219.00000000
-7.00000000
1161.00000000
11.00000000
2037.00000000
490.00000000
347.00000000
1567.00000000
1443.00000000
-697.00000000
628.00000000
-662.00000000
2308.00000000
-562.00000000
-819.00000000
-127.00000000
-100.00000000
-556.00000000
953.00000000
241.00000000
477.00000000
673.00000000
279.00000000
203.00000000
1111.00000000
-732.00000000
-998.00000000
899.00000000
1185.00000000
327.00000000
-415.00000000
484.00000000
-1222.00000000
514.00000000
-361.00000000
417.00000000
-2083.00000000
949.00000000
588.00000000
-615.00000000
406.00000000
1196.00000000
942.00000000
-72.00000000
410.00000000
-992.00000000
1168.00000000
1416.00000000
-2376.00000000
783.00000000
-266.00000000
-698.00000000
90.00000000
-581.00000000
-461.00000000
167.00000000
