421.00000000
3052.00000000
-317.00000000
-202.00000000
1018.00000000
-56.00000000
849.00000000
2462.00000000
-360.00000000
745.00000000
-420.00000000
2669.00000000
1959.00000000
1546.00000000
779.00000000
-872.00000000
-1500.00000000
-1829.00000000
-1636.00000000
-606.00000000
47.00000000
2571.00000000
895.00000000
-241.00000000
-633.00000000
-930.00000000
210.00000000
3436.00000000
3686.00000000
-112.00000000
-508.00000000
-96.00000000
-497.00000000
-504.00000000
-580.00000000
-145.00000000
-1785.00000000
-367.00000000
3149.00000000
-12.00000000
-67.00000000
-118.00000000
551.00000000
-1079.00000000
660.00000000
529.00000000
0.00000000
1090.00000000
