-28.00000000
-14.00000000
73.00000000
262.00000000
-751.00000000
-668.00000000
-385.00000000
-73.00000000
-287.00000000
-178.00000000
-423.00000000
56.00000000
-470.00000000
99.00000000
-311.00000000
-207.00000000
-255.00000000
-349.00000000
-362.00000000
-16.00000000
3.00000000
11.00000000
-834.00000000
-408.00000000
-222.00000000
-79.00000000
-65.00000000
-147.00000000
323.00000000
-512.00000000
-755.00000000
-234.00000000
25.00000000
-136.00000000
-86.00000000
-559.00000000
-126.00000000
-191.00000000
196.00000000
-48.00000000
-89.00000000
-106.00000000
-465.00000000
-602.00000000
-209.00000000
-73.00000000
-81.00000000
-130.00000000
-223.00000000
-199.00000000
-105.00000000
52.00000000
-283.00000000
684.00000000
-426.00000000
-773.00000000
-201.00000000
-57.00000000
28.00000000
-121.00000000
-445.00000000
-85.00000000
-299.00000000
140.00000000
-79.00000000
-182.00000000
-171.00000000
-285.00000000
-258.00000000
115.00000000
-184.00000000
-208.00000000
-210.00000000
-245.00000000
-289.00000000
61.00000000
53.00000000
62.00000000
-250.00000000
-150.00000000
-681.00000000
-22.00000000
-22.00000000
140.00000000
-54.00000000
-248.00000000
-149.00000000
-261.00000000
-115.00000000
-166.00000000
140.00000000
44.00000000
27.00000000
-168.00000000
-234.00000000
-96.00000000
-59.00000000
-131.00000000
-180.00000000
-205.00000000
-109.00000000
-158.00000000
469.00000000
796.00000000
-774.00000000
-496.00000000
41.00000000
-253.00000000
-36.00000000
-71.00000000
-296.00000000
-48.00000000
9.00000000
-51.00000000
136.00000000
-62.00000000
277.00000000
-131.00000000
-171.00000000
142.00000000
-58.00000000
-306.00000000
-183.00000000
70.00000000
-119.00000000
