1097.00000000
2742.00000000
-1330.00000000
348.00000000
-13.00000000
474.00000000
336.00000000
874.00000000
-425.00000000
1735.00000000
95.00000000
1635.00000000
422.00000000
-474.00000000
-494.00000000
-440.00000000
141.00000000
3686.00000000
2374.00000000
-301.00000000
768.00000000
-704.00000000
2813.00000000
-467.00000000
-1128.00000000
716.00000000
-9.00000000
1276.00000000
1941.00000000
84.00000000
1202.00000000
361.00000000
364.00000000
451.00000000
1250.00000000
-64.00000000
-893.00000000
91.00000000
956.00000000
2056.00000000
1411.00000000
382.00000000
228.00000000
90.00000000
-91.00000000
1647.00000000
614.00000000
401.00000000
