-57.00000000
-415.00000000
800.00000000
-204.00000000
-639.00000000
1197.00000000
2478.00000000
-52.00000000
-89.00000000
64.00000000
1234.00000000
313.00000000
989.00000000
716.00000000
185.00000000
2166.00000000
1361.00000000
551.00000000
-827.00000000
489.00000000
-574.00000000
269.00000000
873.00000000
1290.00000000
739.00000000
-1101.00000000
401.00000000
814.00000000
-79.00000000
-745.00000000
1035.00000000
219.00000000
1135.00000000
397.00000000
739.00000000
-578.00000000
595.00000000
139.00000000
264.00000000
1023.00000000
-77.00000000
549.00000000
-228.00000000
536.00000000
139.00000000
240.00000000
619.00000000
-84.00000000
