-1394.00000000
-1146.00000000
982.00000000
1398.00000000
545.00000000
876.00000000
-1269.00000000
380.00000000
543.00000000
536.00000000
2717.00000000
910.00000000
2019.00000000
6.00000000
1145.00000000
97.00000000
3686.00000000
74.00000000
-341.00000000
-144.00000000
1108.00000000
58.00000000
-552.00000000
2223.00000000
2739.00000000
-458.00000000
-523.00000000
789.00000000
1628.00000000
987.00000000
2565.00000000
64.00000000
-562.00000000
1323.00000000
240.00000000
652.00000000
-310.00000000
-126.00000000
404.00000000
2262.00000000
134.00000000
-641.00000000
474.00000000
8.00000000
702.00000000
-762.00000000
993.00000000
610.00000000
1129.00000000
-379.00000000
636.00000000
161.00000000
11.00000000
465.00000000
-127.00000000
34.00000000
-326.00000000
-65.00000000
464.00000000
512.00000000
-698.00000000
-991.00000000
479.00000000
-857.00000000
