-1478.00000000
2130.00000000
2690.00000000
-873.00000000
731.00000000
-1576.00000000
374.00000000
-947.00000000
-218.00000000
1259.00000000
1618.00000000
1645.00000000
77.00000000
-1629.00000000
1349.00000000
-306.00000000
3510.00000000
250.00000000
451.00000000
2138.00000000
10.00000000
719.00000000
1802.00000000
1720.00000000
2124.00000000
-161.00000000
1498.00000000
215.00000000
-3686.00000000
-553.00000000
158.00000000
-531.00000000
-1338.00000000
-860.00000000
-117.00000000
-784.00000000
-2746.00000000
-631.00000000
451.00000000
600.00000000
1616.00000000
-518.00000000
-924.00000000
2581.00000000
3633.00000000
266.00000000
-1386.00000000
-241.00000000
-742.00000000
168.00000000
-1750.00000000
694.00000000
1149.00000000
-1408.00000000
104.00000000
-1329.00000000
106.00000000
1789.00000000
-2544.00000000
134.00000000
-2012.00000000
-457.00000000
-1398.00000000
-275.00000000
