-671.00000000
-914.00000000
938.00000000
1627.00000000
805.00000000
1028.00000000
-231.00000000
320.00000000
322.00000000
1010.00000000
912.00000000
277.00000000
179.00000000
1787.00000000
513.00000000
187.00000000
897.00000000
-165.00000000
1819.00000000
723.00000000
-409.00000000
256.00000000
168.00000000
590.00000000
455.00000000
-100.00000000
1457.00000000
113.00000000
171.00000000
1478.00000000
821.00000000
1139.00000000
-153.00000000
1086.00000000
632.00000000
444.00000000
2498.00000000
5.00000000
70.00000000
794.00000000
-316.00000000
295.00000000
759.00000000
-212.00000000
999.00000000
-1266.00000000
3686.00000000
-953.00000000
946.00000000
824.00000000
1332.00000000
242.00000000
823.00000000
191.00000000
479.00000000
601.00000000
1570.00000000
1299.00000000
181.00000000
193.00000000
1431.00000000
104.00000000
1008.00000000
681.00000000
654.00000000
2244.00000000
854.00000000
1528.00000000
273.00000000
39.00000000
-481.00000000
412.00000000
448.00000000
-611.00000000
-1057.00000000
1060.00000000
1422.00000000
-345.00000000
1949.00000000
1351.00000000
1499.00000000
-552.00000000
341.00000000
1282.00000000
1311.00000000
602.00000000
158.00000000
-1067.00000000
169.00000000
-160.00000000
654.00000000
542.00000000
-1497.00000000
684.00000000
-129.00000000
522.00000000
