-742.00000000
299.00000000
840.00000000
654.00000000
2446.00000000
231.00000000
3032.00000000
-130.00000000
109.00000000
1910.00000000
-519.00000000
924.00000000
433.00000000
-3686.00000000
-3296.00000000
-1180.00000000
2924.00000000
-287.00000000
264.00000000
214.00000000
1011.00000000
-362.00000000
2327.00000000
310.00000000
304.00000000
318.00000000
1209.00000000
-700.00000000
28.00000000
-522.00000000
-1113.00000000
532.00000000
-2183.00000000
-1864.00000000
11.00000000
1403.00000000
1582.00000000
1344.00000000
1002.00000000
-507.00000000
-982.00000000
-1304.00000000
120.00000000
628.00000000
373.00000000
-59.00000000
1972.00000000
-83.00000000
