131.00000000
1894.00000000
1201.00000000
2163.00000000
137.00000000
163.00000000
303.00000000
-522.00000000
1373.00000000
149.00000000
580.00000000
-516.00000000
116.00000000
1312.00000000
0.00000000
1348.00000000
249.00000000
299.00000000
-192.00000000
556.00000000
-16.00000000
144.00000000
818.00000000
21.00000000
330.00000000
1156.00000000
953.00000000
281.00000000
290.00000000
-326.00000000
-1090.00000000
25.00000000
1187.00000000
-236.00000000
662.00000000
1651.00000000
-928.00000000
647.00000000
644.00000000
-191.00000000
2055.00000000
286.00000000
-129.00000000
734.00000000
16.00000000
1515.00000000
454.00000000
0.00000000
-297.00000000
567.00000000
651.00000000
246.00000000
-238.00000000
-147.00000000
1154.00000000
-66.00000000
288.00000000
376.00000000
-1031.00000000
2315.00000000
119.00000000
-141.00000000
493.00000000
203.00000000
-472.00000000
129.00000000
253.00000000
294.00000000
-361.00000000
2420.00000000
-43.00000000
221.00000000
1603.00000000
-157.00000000
408.00000000
420.00000000
1549.00000000
231.00000000
1696.00000000
489.00000000
1362.00000000
544.00000000
959.00000000
559.00000000
3686.00000000
-167.00000000
126.00000000
1173.00000000
134.00000000
441.00000000
486.00000000
751.00000000
1065.00000000
509.00000000
-41.00000000
1627.00000000
